     8     | atom_move_step:    2
  0.1026120E+02   0.0000000E+00   0.0000000E+00
  0.0000000E+00   0.1026120E+02   0.0000000E+00
  0.0000000E+00   0.0000000E+00   0.1026120E+02
  14     0.000000000    0.000000000    0.000000000    0  0  0
  14     0.000000000    0.500000000    0.500000000    0  0  0
  14     0.500000000    0.000000000    0.500000000    0  0  0
  14     0.500000000    0.500000000    0.000000000    0  0  0
  14     0.250000225    0.250000225    0.250000225    1  1  1
  14     0.250000000    0.750000000    0.750000000    0  0  0
  14     0.750000000    0.250000000    0.750000000    0  0  0
  14     0.750000000    0.750000000    0.250000000    0  0  0
