  31   0.1572965172E-05 0.1572965172E-05 0.1572965172E-05
  31   -.5046108382E-06 0.4650246255E-06 0.4650246255E-06
  31   0.4650246255E-06 -.5046108382E-06 0.4650246255E-06
  31   0.4650246255E-06 0.4650246255E-06 -.5046108382E-06
  33   -.5738510799E-05 -.5738510799E-05 -.5738510799E-05
  33   -.6463793402E-06 0.6205698177E-06 0.6205698177E-06
  33   0.6205698177E-06 -.6463793402E-06 0.6205698177E-06
  33   0.6205698177E-06 0.6205698177E-06 -.6463793402E-06
 ****** total force ******************
   0   -.3145346919E-05 -.3145346919E-05 -.3145346919E-05
 **** atom_move_step:  2
