 kpt,akx,y,z (Cartesian Coord,a.u),mx 
   1      0.000000      0.000000      0.000000    18
 **** <|P_x|>^2+<|P_y|>^2+<|P_z|>^2 (a.u) ***
.259E-14 .524E-04 .142E-04 .142E-04 .592E-05 .592E-05 .123E-04 .245E-06 .245E-06 .671E-12
.163E-05 .163E-05 .305E-08 .363E-01 .363E-01 .389E-01 .474E-05 .474E-05
.524E-04 .703E-14 .141E-03 .141E-03 .677E-01 .677E-01 .590E-01 .719E-01 .719E-01 .484E-12
.309E-02 .309E-02 .895E-01 .775E-04 .774E-04 .466E-03 .130E-03 .136E-02
.142E-04 .141E-03 .283E-15 .226E-13 .590E-01 .691E-01 .667E-01 .209E-01 .243E-01 .599E-01
.556E-01 .614E-01 .173E-01 .751E-05 .805E-05 .683E-04 .494E-05 .144E-02
.142E-04 .141E-03 .226E-13 .318E-13 .691E-01 .590E-01 .667E-01 .243E-01 .209E-01 .599E-01
.614E-01 .556E-01 .173E-01 .807E-05 .750E-05 .685E-04 .512E-05 .105E-02
.592E-05 .677E-01 .590E-01 .691E-01 .445E-13 .128E-12 .302E-03 .201E-01 .944E-02 .194E-01
.173E-01 .880E-02 .533E-02 .100E-03 .137E-03 .255E-05 .218E-04 .216E-01
.592E-05 .677E-01 .691E-01 .590E-01 .128E-12 .718E-13 .302E-03 .944E-02 .201E-01 .194E-01
.880E-02 .173E-01 .533E-02 .136E-03 .101E-03 .263E-05 .282E-04 .372E-01
.123E-04 .590E-01 .667E-01 .667E-01 .302E-03 .302E-03 .413E-13 .128E-01 .128E-01 .109E-11
.139E-01 .139E-01 .231E-01 .188E-03 .188E-03 .155E-05 .952E-04 .310E-01
.245E-06 .719E-01 .209E-01 .243E-01 .201E-01 .944E-02 .128E-01 .516E-13 .319E-11 .375E-04
.196E-03 .259E-03 .482E-04 .859E-04 .802E-04 .349E-03 .319E-03 .710E-01
.245E-06 .719E-01 .243E-01 .209E-01 .944E-02 .201E-01 .128E-01 .319E-11 .573E-12 .375E-04
.259E-03 .196E-03 .482E-04 .800E-04 .865E-04 .346E-03 .257E-03 .173E+00
.671E-12 .484E-12 .599E-01 .599E-01 .194E-01 .194E-01 .109E-11 .375E-04 .375E-04 .150E-10
.785E-06 .784E-06 .319E-11 .179E-03 .180E-03 .277E-07 .590E-04 .766E-01
.163E-05 .309E-02 .556E-01 .614E-01 .173E-01 .880E-02 .139E-01 .196E-03 .259E-03 .785E-06
.436E-12 .470E-12 .122E-03 .153E-02 .397E-03 .751E-03 .788E-04 .607E-01
.163E-05 .309E-02 .614E-01 .556E-01 .880E-02 .173E-01 .139E-01 .259E-03 .196E-03 .784E-06
.470E-12 .108E-11 .122E-03 .396E-03 .153E-02 .748E-03 .377E-04 .213E-01
.305E-08 .895E-01 .173E-01 .173E-01 .533E-02 .533E-02 .231E-01 .482E-04 .482E-04 .319E-11
.122E-03 .122E-03 .174E-11 .650E-03 .650E-03 .691E-03 .756E-03 .583E-01
.363E-01 .775E-04 .751E-05 .807E-05 .100E-03 .136E-03 .188E-03 .859E-04 .800E-04 .179E-03
.153E-02 .396E-03 .650E-03 .862E-10 .477E-09 .684E-04 .301E+00 .476E-04
.363E-01 .774E-04 .805E-05 .750E-05 .137E-03 .101E-03 .188E-03 .802E-04 .865E-04 .180E-03
.397E-03 .153E-02 .650E-03 .477E-09 .562E-09 .690E-04 .301E+00 .403E-04
.389E-01 .466E-03 .683E-04 .685E-04 .255E-05 .263E-05 .155E-05 .349E-03 .346E-03 .277E-07
.751E-03 .748E-03 .691E-03 .684E-04 .690E-04 .310E-08 .286E+00 .179E-03
.474E-05 .130E-03 .494E-05 .512E-05 .218E-04 .282E-04 .952E-04 .319E-03 .257E-03 .590E-04
.788E-04 .377E-04 .756E-03 .301E+00 .301E+00 .286E+00 .341E-06 .756E-03
.474E-05 .136E-02 .144E-02 .105E-02 .216E-01 .372E-01 .310E-01 .710E-01 .173E+00 .766E-01
.607E-01 .213E-01 .583E-01 .476E-04 .403E-04 .179E-03 .756E-03 .618E-03
 ********************************************
 kpt,akx,y,z (Cartesian Coord,a.u),mx 
   2      0.147043      0.147043      0.147043    18
 **** <|P_x|>^2+<|P_y|>^2+<|P_z|>^2 (a.u) ***
.257E-01 .204E-04 .204E-04 .115E-03 .211E-03 .211E-03 .149E-03 .654E-01 .141E-03 .141E-03
.160E-02 .599E-05 .599E-05 .444E-12 .425E-01 .425E-01 .211E-01 .199E-03
.204E-04 .105E-01 .507E-02 .987E-02 .419E-01 .364E-01 .677E-01 .386E-03 .479E-01 .452E-01
.183E-01 .200E-01 .193E-01 .405E-01 .703E-04 .656E-04 .951E-04 .717E-02
.204E-04 .507E-02 .105E-01 .987E-02 .364E-01 .419E-01 .677E-01 .386E-03 .452E-01 .479E-01
.183E-01 .193E-01 .200E-01 .405E-01 .656E-04 .703E-04 .919E-04 .685E-02
.115E-03 .987E-02 .987E-02 .492E-02 .689E-01 .689E-01 .101E-01 .228E-02 .166E-01 .166E-01
.758E-01 .405E-01 .405E-01 .356E-12 .105E-03 .105E-03 .179E-03 .879E-02
.211E-03 .419E-01 .364E-01 .689E-01 .740E-02 .959E-02 .162E-01 .162E-03 .934E-02 .117E+00
.364E-02 .124E-01 .184E-01 .298E-01 .283E-04 .320E-04 .492E-04 .712E-02
.211E-03 .364E-01 .419E-01 .689E-01 .959E-02 .740E-02 .162E-01 .162E-03 .117E+00 .934E-02
.364E-02 .184E-01 .124E-01 .298E-01 .321E-04 .283E-04 .531E-04 .928E-02
.149E-03 .677E-01 .677E-01 .101E-01 .162E-01 .162E-01 .162E-03 .667E-03 .535E-02 .535E-02
.117E+00 .287E-01 .287E-01 .141E-11 .247E-04 .247E-04 .130E-03 .638E-02
.654E-01 .386E-03 .386E-03 .228E-02 .162E-03 .162E-03 .667E-03 .294E+00 .199E-03 .199E-03
.411E-02 .423E-03 .423E-03 .238E-11 .643E-01 .643E-01 .254E-01 .695E-03
.141E-03 .479E-01 .452E-01 .166E-01 .934E-02 .117E+00 .535E-02 .199E-03 .330E-01 .159E-01
.295E-01 .769E-02 .674E-02 .159E-01 .212E-04 .433E-04 .698E-04 .834E-02
.141E-03 .452E-01 .479E-01 .166E-01 .117E+00 .934E-02 .535E-02 .199E-03 .159E-01 .330E-01
.295E-01 .674E-02 .769E-02 .159E-01 .433E-04 .212E-04 .694E-04 .619E-02
.160E-02 .183E-01 .183E-01 .758E-01 .364E-02 .364E-02 .117E+00 .411E-02 .295E-01 .295E-01
.183E-01 .184E-01 .184E-01 .382E-11 .838E-03 .838E-03 .957E-03 .951E-02
.599E-05 .200E-01 .193E-01 .405E-01 .124E-01 .184E-01 .287E-01 .423E-03 .769E-02 .674E-02
.184E-01 .213E-01 .864E-04 .822E-04 .147E-03 .101E-03 .430E-02 .249E+00
.599E-05 .193E-01 .200E-01 .405E-01 .184E-01 .124E-01 .287E-01 .423E-03 .674E-02 .769E-02
.184E-01 .864E-04 .213E-01 .823E-04 .101E-03 .147E-03 .407E-02 .201E+00
.444E-12 .405E-01 .405E-01 .356E-12 .298E-01 .298E-01 .141E-11 .238E-11 .159E-01 .159E-01
.382E-11 .822E-04 .823E-04 .226E-01 .323E-04 .323E-04 .460E-05 .118E-01
.425E-01 .703E-04 .656E-04 .105E-03 .283E-04 .321E-04 .247E-04 .643E-01 .212E-04 .433E-04
.838E-03 .147E-03 .101E-03 .323E-04 .171E-01 .203E-01 .304E+00 .407E-02
.425E-01 .656E-04 .703E-04 .105E-03 .320E-04 .283E-04 .247E-04 .643E-01 .433E-04 .212E-04
.838E-03 .101E-03 .147E-03 .323E-04 .203E-01 .171E-01 .304E+00 .417E-02
.211E-01 .951E-04 .919E-04 .179E-03 .492E-04 .531E-04 .130E-03 .254E-01 .698E-04 .694E-04
.957E-03 .430E-02 .407E-02 .460E-05 .304E+00 .304E+00 .128E-01 .754E-03
.199E-03 .717E-02 .685E-02 .879E-02 .712E-02 .928E-02 .638E-02 .695E-03 .834E-02 .619E-02
.951E-02 .249E+00 .201E+00 .118E-01 .407E-02 .417E-02 .754E-03 .293E-01
 ********************************************
